January:23,23,23,21,21,23,23,22,22,23,23,23,22,22,22,23,23,23,22,19,22,23,22,22,22,22,22,23,23,23,22
February:23,22,26,26,26,27,27,27,26,26,26,27,27,3,26,26,27,26,26,26,27,26,26,26,26,26,26
March:19,18,18,18,23,21,31,33,33,22,19,18,18,18,4,5,31,33,19,18,19,18,18,18,23,21,31,33,33,22
April:40,17,17,17,19,19,18,19,22,22,19,19,18,19,23,17,19,5,18,19,17,19,19,18,19,22,22,19,19,18
May:1,19,19,18,19,22,22,19,19,18,36,35,22,22,22,19,33,27,6,23,22,22,19,22,23,23,22,22,19,19
June:33,23,19,18,19,22,22,19,19,18,36,35,22,22,19,19,18,22,19,19,8,36,22,19,19,18,36,35,22
July:23,23,23,23,23,33,33,33,22,22,19,19,18,36,35,49,19,19,18,36,35,9,19,19,18,36,35,22
August:18,23,36,35,49,19,19,18,36,35,49,19,19,18,36,35,22,19,19,18,36,35,49,15,19,18,36,35,22
September:18,36,35,49,19,19,18,36,35,49,19,19,18,36,35,22,23,23,18,36,35,49,14,19,19,18,36,35,22
October:18,36,35,49,19,19,18,36,35,49,19,19,18,36,35,22,23,23,22,22,33,22,19,19,19,19,18,36,35,22
November:18,36,35,49,19,19,18,36,35,49,19,19,18,36,35,22,23,23,23,24,22,22,19,18,36,35,49,19,21,11
December:18,36,35,49,19,19,40,23,22,22,23,18,36,35,49,19,19,18,36,18,36,35,12,19,19,18,23,22,22,23